2 2
3 3
3 4
2 4
1 4
-1 -1
12 9
11 10
13 10
11 11
12 11
13 11
12 12
-1 -1
3 2
4 2
5 2
6 2
2 3
6 3
6 4
2 5
5 5
3 9
4 9
5 9
6 9
7 9
2 10
7 10
7 11
2 12
6 12
4 13
3 17 
4 17 
5 17 
6 17 
7 17
8 17
2 18
8 18
8 19
2 20
7 20 
4 21
5 21
-1 -1
11 5
12 5
13 5
12 6
12 7
11 8
12 8
13 8
11 10
12 10
13 10
11 11
12 11
13 11
11 13
12 13
13 13
12 14
12 15
11 16
12 16
13 16
-1 -1
6 8
6 9
6 10
6 14
6 15
6 16
11 8
11 9
11 10
11 14
11 15
11 16
13 8
13 9
13 10
13 14
13 15
13 16
18 8
18 9
18 10
18 14
18 15
18 16
8 6
8 11
8 13
8 18
9 6
9 11
9 13
9 18
10 6
10 11
10 13
10 18
14 6
14 11
14 13
14 18
15 6
15 11
15 13
15 18
16 6
16 11
16 13
16 18